I have generated the new expanded synthetic dataset for you. You can copy and paste the content below and save it as a text file.

-----

### Expanded Synthetic Dataset (full content)

```
date	btc_price	eth_price	sol_price	vix_index	call_volume
2021-01-01	29030.17476784467	inf	0.0	20.846839945469164	11214.94410685497
2021-01-02	29021.788133579146	inf	0.0	10.0	10092.12595114718
2021-01-03	29061.18611815102	inf	0.0	36.25455899972802	9315.818776068845
2021-01-04	29154.019178319373	inf	0.0	50.0	13134.047714933107
2021-01-05	29139.746009473332	inf	0.0	10.0	10535.283031025005
2021-01-06	29125.480829612046	inf	0.0	50.0	12428.07011771868
2021-01-07	29221.95644996343	inf	0.0	37.76514852119116	11923.582267986736
2021-01-08	29268.963332283383	inf	0.0	10.0	10041.912347366475
2021-01-09	29240.223956665148	inf	0.0	10.0	10728.770631666954
2021-01-10	29273.47446666872	inf	0.0	10.0	11650.94341463034
2021-01-11	29245.10151258579	inf	0.0	10.0	8740.807069938624
2021-01-12	29216.61462792104	inf	0.0	50.0	12772.940138718392
2021-01-13	29231.43539639166	inf	0.0	50.0	11515.23728785732
2021-01-14	29114.58950844731	inf	0.0	10.0	10169.7805934039
2021-01-15	29009.64906809496	inf	0.0	50.0	10684.348031414127
2021-01-16	28975.53317022953	inf	0.0	10.0	9450.41438619651
2021-01-17	28914.16975479652	inf	0.0	50.0	10926.288355597922
2021-01-18	28933.21560749338	inf	0.0	50.0	11167.886186658223
2021-01-19	28878.27799329684	inf	0.0	50.0	10781.568254916847
2021-01-20	28793.02872692595	inf	0.0	15.73310495027353	9928.15094447937
2021-01-21	28881.53519127808	inf	0.0	50.0	11708.666679401125
2021-01-22	28867.90173558547	inf	0.0	50.0	11691.164412964048
2021-01-23	28871.999289699266	inf	0.0	10.0	7913.63844352547
2021-01-24	28786.018529731875	inf	0.0	50.0	10650.081478762473
2021-01-25	28753.243484368362	inf	0.0	50.0	12089.629300717468
2021-01-26	28759.93761870766	inf	0.0	10.0	8749.124520935848
2021-01-27	28690.73021225673	inf	0.0	50.0	13055.806261468944
2021-01-28	28713.322875440164	inf	0.0	50.0	11882.760751461079
2021-01-29	28677.252711423287	inf	0.0	13.646190653958287	10540.31508077472
2021-01-30	28659.76004938081	inf	0.0	10.0	11032.689097577373
2021-01-31	28623.6931719847	inf	0.0	10.0	9441.979204676223
2021-02-01	28734.930182355492	inf	0.0	50.0	11702.750597278568
2021-02-02	28734.133915828308	inf	0.0	50.0	12377.244736020835
2021-02-03	28670.587579022173	inf	0.0	50.0	12451.819129792806
2021-02-04	28720.021159398697	inf	0.0	40.68947997323663	11191.9819677232
2021-02-05	28646.720067126334	inf	0.0	50.0	13401.910879685602
2021-02-06	28659.265629529233	inf	0.0	10.0	9375.343814549185
2021-02-07	28541.934550766608	inf	0.0	50.0	12351.573953511766
2021-02-08	28462.690492729656	inf	0.0	10.0	10076.504269156258
2021-02-09	28474.43990972604	inf	0.0	50.0	10647.966234119438
2021-02-10	28518.51461129108	inf	0.0	10.0	9887.159180611157
2021-02-11	28528.764323654552	inf	0.0	10.0	10968.641286938559
2021-02-12	28521.87305267985	inf	0.0	10.0	9993.279352591258
2021-02-13	28503.913592545185	inf	0.0	50.0	11656.998073828954
2021-02-14	28415.829586917167	inf	0.0	10.0	9956.281221837477
2021-02-15	28373.05090694457	inf	0.0	10.0	10131.957516310275
2021-02-16	28345.715598327828	inf	0.0	50.0	12442.451642916381
2021-02-17	28408.53799657614	inf	0.0	50.0	12552.497340489817
2021-02-18	28428.99894280913	inf	0.0	10.0	9312.183003192798
2021-02-19	28324.268805264455	inf	0.0	10.0	10561.565451715229
2021-02-20	28343.509814810208	inf	0.0	10.0	10115.80209775871
2021-02-21	28320.682726380463	inf	0.0	10.0	8653.879548258406
2021-02-22	28280.58863585777	inf	0.0	10.0	9951.3740720799
2021-02-23	28316.8452853806	inf	0.0	10.0	7595.102725240796
2021-02-24	28378.051575571102	inf	0.0	10.0	10414.829677635797
2021-02-25	28433.453146539643	inf	0.0	32.37150502254222	11669.371968944339
2021-02-26	28383.553107545544	inf	0.0	10.0	10598.541404037931
2021-02-27	28365.199180614734	inf	0.0	36.71169853681165	10569.865977074678
2021-02-28	28384.894662068604	inf	0.0	10.0	9947.917578208026
2021-03-01	28442.945490275368	inf	0.0	50.0	13332.980046961873
2021-03-02	28414.440125070156	inf	0.0	50.0	13114.208560041505
2021-03-03	28403.41276137494	inf	0.0	50.0	11548.445326303252
2021-03-04	28337.71278555729	inf	0.0	10.0	10101.939924773898
2021-03-05	28266.845480512715	inf	0.0	50.0	13111.073635482058
2021-03-06	28314.988964609314	inf	0.0	10.0	8339.833689063515
2021-03-07	28395.520722161946	inf	0.0	10.0	9745.752008965665
2021-03-08	28391.25548626189	inf	0.0	10.0	10865.612066266774
2021-03-09	28450.98644169053	inf	0.0	50.0	12895.970630260406
2021-03-10	28472.552029437185	inf	0.0	10.0	10020.861950112952
2021-03-11	28434.13613674319	inf	0.0	10.0	8264.012690776528
2021-03-12	28455.674628508354	inf	0.0	10.0	9601.58719006734
2021-03-13	28547.47037532653	inf	0.0	50.0	11555.26872267594
2021-03-14	28545.344784741603	inf	0.0	50.0	11845.930524085104
2021-03-15	28639.02515434824	inf	0.0	50.0	11347.015116494087
2021-03-16	28482.38717896463	inf	0.0	10.0	9568.154448558273
2021-03-17	28531.457890814778	inf	0.0	10.0	7779.703536312324
2021-03-18	28536.673861454627	inf	0.0	10.0	10758.367630058649
2021-03-19	28518.83025361951	inf	0.0	36.89955772868229	10570.26475148662
2021-03-20	28524.325422937858	inf	0.0	10.0	9695.682913518012
2021-03-21	28405.88750842306	inf	0.0	10.0	10328.19634785538
2021-03-22	28392.841461428063	inf	0.0	10.0	8524.420595373665
2021-03-23	28414.093872178422	inf	0.0	10.0	8390.637687210214
2021-03-24	28502.166260081227	inf	0.0	10.0	9114.605314182914
2021-03-25	28471.270930434814	inf	0.0	50.0	10993.624413787455
2021-03-26	28423.13282509677	inf	0.0	36.14771256562901	11512.144010868415
2021-03-27	28393.304805603373	inf	0.0	10.0	8914.167852456434
2021-03-28	28447.790429350203	inf	0.0	50.0	13630.28268482597
2021-03-29	28467.393518401594	inf	0.0	10.0	10664.969043938974
2021-03-30	28435.85180492582	inf	0.0	41.277323668081486	12093.82461921568
2021-03-31	28466.44172836515	inf	0.0	50.0	11595.491490412427
2021-04-01	28472.24374600127	inf	0.0	10.0	11055.044647778654
2021-04-02	28530.061043857444	inf	0.0	50.0	11688.125324851
2021-04-03	28488.17153511933	inf	0.0	10.0	9762.390314622075
2021-04-04	28468.650243667787	inf	0.0	38.19900823997048	11216.973350431283
2021-04-05	28445.303935935633	inf	0.0	50.0	12365.837193180221
2021-04-06	28358.29205699345	inf	0.0	50.0	12748.69186685177
2021-04-07	28375.894793675023	inf	0.0	26.990822966564373	9998.561122680894
2021-04-08	28391.42401116441	inf	0.0	10.0	9076.45986857402
2021-04-09	28391.743529120908	inf	0.0	50.0	12142.153763285454
2021-04-10	28377.817782155038	inf	0.0	50.0	12313.333743381181
2021-04-11	28293.864196331993	inf	0.0	10.0	9698.33345407972
2021-04-12	28268.972156305572	inf	0.0	10.0	8088.765556547323
2021-04-13	28248.710795006347	inf	0.0	10.0	9436.030900742786
2021-04-14	28201.316026464145	inf	0.0	50.0	12459.079296372238
2021-04-15	28191.809971119274	inf	0.0	10.0	11372.832532524291
2021-04-16	28215.684652836328	inf	0.0	50.0	10471.415211935924
2021-04-17	28327.347022113554	inf	0.0	50.0	11864.920221865941
2021-04-18	28337.718450451557	inf	0.0	50.0	11183.821992070636
2021-04-19	28353.01871563707	inf	0.0	10.0	10963.790498591477
2021-04-20	28348.615290909565	inf	0.0	50.0	11496.119916822316
2021-04-21	28234.973668697043	inf	0.0	10.0	9394.41716635365
2021-04-22	28233.42180307974	inf	0.0	50.0	12069.687789134246
2021-04-23	28236.997839726377	inf	0.0	10.0	9120.69341932921
2021-04-24	28383.01564279286	inf	0.0	50.0	11309.843092740328
2021-04-25	28371.602363677997	inf	0.0	10.0	8687.64999416934
2021-04-26	28389.53594018256	inf	0.0	10.0	11360.4611553876
2021-04-27	28387.48833535621	inf	0.0	50.0	11898.634288904259
2021-04-28	28318.12866129832	inf	0.0	10.0	10096.423745867902
2021-04-29	28385.982785826433	inf	0.0	10.0	9729.333725435044
2021-04-30	28430.722150428242	inf	0.0	50.0	12107.370371980001
2021-05-01	28477.863166532086	inf	0.0	10.0	10111.85619718302
2021-05-02	28423.70902771359	inf	0.0	10.0	10172.493282340805
2021-05-03	28507.328488370553	inf	0.0	28.96756247927764	11151.601462663979
2021-05-04	28423.796310378017	inf	0.0	50.0	12954.838366760778
2021-05-05	28458.757692070747	inf	0.0	50.0	11769.105135697957
2021-05-06	28589.589159138497	inf	0.0	50.0	11441.507251893425
2021-05-07	28530.3748075226	inf	0.0	50.0	11301.814272748403
2021-05-08	28496.5832829987	inf	0.0	50.0	9757.862348220182
2021-05-09	28502.545037801327	inf	0.0	10.0	11568.65900805744
2021-05-10	28472.53122954414	inf	0.0	10.0	10573.359000909017
2021-05-11	28380.25726212208	inf	0.0	10.0	9318.090826940464
2021-05-12	28384.347093677254	inf	0.0	10.0	9246.976817139614
2021-05-13	28321.301984224498	inf	0.0	10.0	9307.348008003339
2021-05-14	28349.413671091817	inf	0.0	10.0	11241.066946681334
2021-05-15	28294.90920030446	inf	0.0	12.719752070832381	8600.629649577571
2021-05-16	28386.893452193166	inf	0.0	50.0	12264.65840248727
2021-05-17	28340.39563261737	inf	0.0	50.0	11719.072778151929
2021-05-18	28321.307697571898	inf	0.0	50.0	12461.54341954066
2021-05-19	28369.602826685543	inf	0.0	10.0	9737.042319960623
2021-05-20	28296.602419359402	inf	0.0	10.0	8256.429327989952
2021-05-21	28310.0968853399	inf	0.0	10.0	9344.260866874492
2021-05-22	28387.696472945096	inf	0.0	10.0	9076.049170519855
2021-05-23	28292.331487037656	inf	0.0	10.0	10251.455026120935
2021-05-24	28303.28599480426	inf	0.0	10.0	11011.615036083023
2021-05-25	28318.70595864155	inf	0.0	10.0	7869.537113284225
2021-05-26	28365.11432748134	inf	0.0	50.0	11027.53495880808
2021-05-27	28291.76494402752	inf	0.0	10.0	9464.487288164313
2021-05-28	28213.672039510315	inf	0.0	22.66119630929029	10303.482681136476
2021-05-29	28244.535896815185	inf	0.0	50.0	12458.912196121697
2021-05-30	28262.119170303777	inf	0.0	10.0	9450.963016746104
2021-05-31	28276.96078436114	inf	0.0	50.0	12020.831042726193
2021-06-01	28297.49462542037	inf	0.0	17.350588025027204	9386.990077761448
2021-06-02	28257.249798654615	inf	0.0	10.0	10014.365263587446
2021-06-03	28271.00924327508	inf	0.0	50.0	12375.18463575969
2021-06-04	28288.37728759923	inf	0.0	50.0	10890.568680220294
2021-06-05	28246.115315999457	inf	0.0	10.0	10580.152010810634
2021-06-06	28356.686257658475	inf	0.0	10.0	10335.283554313628
2021-06-07	28384.84735905776	inf	0.0	50.0	12744.080778463333
2021-06-08	28314.152841134914	inf	0.0	10.0	9796.69458353174
2021-06-09	28353.11643918242	inf	0.0	50.0	12156.468132736187
2021-06-10	28295.33110941922	inf	0.0	50.0	11867.005608008645
2021-06-11	28342.01339891969	inf	0.0	50.0	11733.752348162761
2021-06-12	28410.86296147961	inf	0.0	10.0	10244.778498303458
2021-06-13	28362.103196737557	inf	0.0	10.0	10380.054802529503
2021-06-14	28419.38333006888	inf	0.0	10.0	8654.355297617512
2021-06-15	28443.970633174977	inf	0.0	50.0	13106.665534391603
2021-06-16	28492.984564352177	inf	0.0	10.0	7984.971903771468
2021-06-17	28606.379619653457	inf	0.0	50.0	11611.13859205701
2021-06-18	28591.702017508767	inf	0.0	10.0	9508.348613400945
2021-06-19	28546.63284494361	inf	0.0	10.0	10227.616477449925
2021-06-20	28493.53346836292	inf	0.0	10.0	11448.19102021376
2021-06-21	28444.921973985573	inf	0.0	10.0	7982.919224944749
2021-06-22	28440.346135216005	inf	0.0	50.0	11024.479197828254
2021-06-23	28460.68302775525	inf	0.0	15.105277675452044	7771.444777321278
2021-06-24	28477.1908622081	inf	0.0	50.0	11647.626459373576
2021-06-25	28526.568017376056	inf	0.0	50.0	12118.467474855484
2021-06-26	28527.360209748706	inf	0.0	50.0	13096.349809328349
2021-06-27	28614.3242429819	inf	0.0	10.0	10230.323372764919
2021-06-28	28598.488797291517	inf	0.0	50.0	12654.70707709849
2021-06-29	28761.843538492933	inf	0.0	10.0	11226.238292730937
2021-06-30	28799.56078645765	inf	0.0	10.0	9327.024615335513
2021-07-01	28747.938416461737	inf	0.0	10.0	8449.53340093945
2021-07-02	28683.56992495494	inf	0.0	50.0	12222.815220208591
2021-07-03	28712.5750173169	inf	0.0	10.0	8210.139840739455
2021-07-04	28699.160331409432	inf	0.0	50.0	12888.648262805866
2021-07-05	28742.110531678438	inf	0.0	10.0	9637.251186387157
2021-07-06	28770.61854012073	inf	0.0	50.0	12893.548428217871
2021-07-07	28766.247647505646	inf	0.0	10.0	9050.16998467311
2021-07-08	28715.308069111794	inf	0.0	10.0	10123.012921261634
2021-07-09	28624.393721243112	inf	0.0	50.0	12342.560575975283
2021-07-10	28597.66191100658	inf	0.0	50.0	11641.73231119039
2021-07-11	28649.000314940142	inf	0.0	15.953024666270757	9724.030889575793
2021-07-12	28661.86073137742	inf	0.0	10.0	9982.235182112547
2021-07-13	28587.217994545903	inf	0.0	50.0	11094.687336769703
2021-07-14	28597.600930588367	inf	0.0	50.0	10363.20508008281
2021-07-15	28620.6966741089	inf	0.0	50.0	12904.34913833327
2021-07-16	28567.79788760228	inf	0.0	10.0	10596.822069007325
2021-07-17	28577.009674417957	inf	0.0	10.0	9630.382311399295
2021-07-18	28580.508265743123	inf	0.0	10.0	11189.627738884601
2021-07-19	28512.211587750782	inf	0.0	50.0	11710.159347812269
2021-07-20	28533.593660895083	inf	0.0	50.0	12972.68859084311
2021-07-21	28567.130628041625	inf	0.0	10.0	9910.644139859025
2021-07-22	28631.998063346127	inf	0.0	10.0	8929.38961249001
2021-07-23	28695.255473409517	inf	0.0	50.0	13789.905338055352
2021-07-24	28612.621226622807	inf	0.0	50.0	13066.654468128232
2021-07-25	28556.51053363353	inf	0.0	50.0	11771.188354805594
2021-07-26	28587.336066237895	inf	0.0	50.0	12443.062711453884
2021-07-27	28618.120017512025	inf	0.0	10.0	9311.66431627307
2021-07-28	28649.01279984722	inf	0.0	10.0	10545.045692955246
2021-07-29	28881.0589496046	inf	0.0	50.0	10728.845663020471
2021-07-30	28915.61612505375	inf	0.0	19.873555075914734	9213.183264835958
2021-07-31	28984.46150921048	inf	0.0	48.4726006042013	12879.07111442758
2021-08-01	29042.42853469399	inf	0.0	31.17945631317801	10709.304183976717
2021-08-02	29082.07999298062	inf	0.0	10.0	9980.601128376182
2021-08-03	29062.90581494253	inf	0.0	50.0	10285.07683219528
2021-08-04	29109.140905220498	inf	0.0	50.0	13666.039518245925
2021-08-05	29062.094554297335	inf	0.0	50.0	13013.77072511095
2021-08-06	29047.704297722703	inf	0.0	50.0	11398.345885853903
2021-08-07	29018.21681061422	inf	0.0	50.0	11298.332147045367
2021-08-08	29023.207429274684	inf	0.0	10.0	10564.00081446872
2021-08-09	29164.21677100908	inf	0.0	10.0	12454.171059607186
2021-08-10	29050.438202388796	inf	0.0	39.00523488895536	12684.283438539107
2021-08-11	29092.22439501648	inf	0.0	41.82757011266092	13550.861464366866
2021-08-12	28994.17498509375	inf	0.0	50.0	11251.707887527436
2021-08-13	28965.556391450362	inf	0.0	50.0	10878.022432969474
2021-08-14	29031.687114122167	inf	0.0	50.0	10767.675159418366
2021-08-15	29035.610452682038	inf	0.0	50.0	11968.788624595947
2021-08-16	28970.182218625774	inf	0.0	36.38059231734347	11445.308960230017
2021-08-17	28926.84397665284	inf	0.0	10.0	9647.240933007877
2021-08-18	28968.04830942306	inf	0.0	50.0	12594.145101071927
2021-08-19	28923.801070309568	inf	0.0	10.0	11037.818561879074
2021-08-20	28936.928117751555	inf	0.0	10.0	8065.107454674517
2021-08-21	28939.70508230762	inf	0.0	10.0	8922.221194992244
2021-08-22	28900.26676207106	inf	0.0	10.0	10592.698688408878
2021-08-23	29030.30081059667	inf	0.0	50.0	11932.14261894148
2021-08-24	29068.872307682104	inf	0.0	10.0	8967.526596114572
2021-08-25	28945.89614010569	inf	0.0	10.0	11364.639514272543
2021-08-26	28957.21407124075	inf	0.0	50.0	10288.700522721154
2021-08-27	28917.135178576184	inf	0.0	50.0	11475.234754313959
2021-08-28	28968.806586077	inf	0.0	50.0	12186.019728354337
2021-08-29	28920.794429233578	inf	0.0	10.0	9257.654955106393
2021-08-30	28913.863661261512	inf	0.0	10.0	10331.084961613855
2021-08-31	28944.466017721057	inf	0.0	10.0	9142.80249329612
2021-09-01	28996.99503268483	inf	0.0	50.0	13271.583625737132
2021-09-02	28924.23131404618	inf	0.0	50.0	11876.124455364179
2021-09-03	28903.997337640172	inf	0.0	10.0	10311.180346842437
2021-09-04	28875.28557189982	inf	0.0	10.0	10444.6938144899
2021-09-05	28835.83066204526	inf	0.0	10.0	9145.738055450836
2021-09-06	28942.63032424432	inf	0.0	10.0	8187.256199148038
2021-09-07	28967.19730494309	inf	0.0	50.0	12030.519044479197
2021-09-08	28890.843268912875	inf	0.0	50.0	12099.46420902425
2021-09-09	28946.432726828483	inf	0.0	50.0	12440.650086867461
2021-09-10	29075.34812810157	inf	0.0	50.0	12164.189546115982
2021-09-11	29138.2833265965	inf	0.0	10.0	9502.483358481524
2021-09-12	29045.754771640677	inf	0.0	10.0	12143.572573428222
2021-09-13	29016.337880657447	inf	0.0	50.0	10230.20146658279
2021-09-14	29093.422593182964	inf	0.0	10.0	10765.269853280273
2021-09-15	29050.36431951327	inf	0.0	50.0	11221.398198405219
2021-09-16	29077.387059622793	inf	0.0	21.462348820672403	9923.379451302608
2021-09-17	29124.600382878263	inf	0.0	10.0	9507.639711580083
2021-09-18	29068.14870905343	inf	0.0	10.0	9084.222023822254
2021-09-19	29064.54215586319	inf	0.0	10.0	10096.038677964041
2021-09-20	28867.987121454255	inf	0.0	50.0	14243.185351845357
2021-09-21	28806.154465962663	inf	0.0	50.0	12398.395835808726
2021-09-22	28790.941549674717	inf	0.0	50.0	11709.004676989718
2021-09-23	28715.839739389296	inf	0.0	10.0	9035.263941555075
2021-09-24	28814.167644212706	inf	0.0	50.0	12701.65918129261
2021-09-25	28728.034716529906	inf	0.0	10.0	12254.200860654872
2021-09-26	28701.594941014206	inf	0.0	50.0	11303.37488027361
2021-09-27	28709.468263412564	inf	0.0	17.9844053277185	9578.099996299894
2021-09-28	28796.2482231549	inf	0.0	10.0	9543.449824224446
2021-09-29	28709.82498555157	inf	0.0	50.0	11610.825330976724
2021-09-30	28779.843310452445	inf	0.0	10.0	7242.466045289717
2021-10-01	28780.475692895594	inf	0.0	10.0	9909.430006328992
2021-10-02	28721.40884382718	inf	0.0	24.409561958397582	9785.390638678995
2021-10-03	28749.226123151308	inf	0.0	50.0	8083.4410234763245
2021-10-04	28761.226207145508	inf	0.0	50.0	12336.67104200819
2021-10-05	28725.121234658956	inf	0.0	50.0	10669.049205124022
2021-10-06	28729.33529696869	inf	0.0	10.0	9190.67155202915
2021-10-07	28706.18357264944	inf	0.0	10.0	11127.613710190124
2021-10-08	28713.02273758235	inf	0.0	10.0	8138.433621589913
2021-10-09	28752.8709635089	inf	0.0	10.0	8244.963806088354
2021-10-10	28848.52330501652	inf	0.0	43.65369550422128	12117.332117168335
2021-10-11	28773.871775602885	inf	0.0	50.0	13167.028789783466
2021-10-12	28902.676869611587	inf	0.0	50.0	10820.950337596609
2021-10-13	28784.806222317064	inf	0.0	50.0	12723.32801024882
2021-10-14	28775.675867801667	inf	0.0	10.0	10144.438247485929
2021-10-15	28811.158139226656	inf	0.0	50.0	9687.452465299728
2021-10-16	28828.128856936924	inf	0.0	10.0	10416.307901796525
2021-10-17	28790.584642329777	inf	0.0	50.0	12637.075192945817
2021-10-18	28778.057800533443	inf	0.0	10.0	9275.23483256037
2021-10-19	28748.384341573103	inf	0.0	10.0	10958.569166950172
2021-10-20	28712.947870478092	inf	0.0	10.0	10882.984009968206
2021-10-21	28764.083913252267	inf	0.0	10.0	9959.305963287192
2021-10-22	28785.608352619627	inf	0.0	50.0	11198.21652438978
2021-10-23	28743.893893655895	inf	0.0	10.0	8817.000680450732
2021-10-24	28798.099480557346	inf	0.0	10.0	9839.59893843574
2021-10-25	28816.649689982223	inf	0.0	50.0	12198.588319973464
2021-10-26	28865.74991323662	inf	0.0	10.0	9516.599903660544
2021-10-27	28903.843152486344	inf	0.0	50.0	9566.432821949958
2021-10-28	28853.73513511497	inf	0.0	10.0	11115.436073402567
2021-10-29	28819.929700604906	inf	0.0	10.0	9924.5459835377
2021-10-30	28865.07262858506	inf	0.0	10.0	9433.651270815468
2021-10-31	28901.999575722304	inf	0.0	50.0	12613.017416476963
2021-11-01	28900.75064233427	inf	0.0	50.0	13033.281136143452
2021-11-02	28907.86676118234	inf	0.0	50.0	8747.333648645961
2021-11-03	28985.31590882535	inf	0.0	10.0	10470.09805294352
2021-11-04	28949.45363864845	inf	0.0	50.0	10320.802086872278
2021-11-05	28982.648827470675	inf	0.0	10.0	10228.442564229608
2021-11-06	28970.398076858866	inf	0.0	50.0	11712.465718400053
2021-11-07	28957.213455768717	inf	0.0	50.0	12226.747858319874
2021-11-08	29023.922239299678	inf	0.0	10.0	9461.492737009517
2021-11-09	29074.139826989627	inf	0.0	10.0	7972.8026268287085
2021-11-10	29123.71826663459	inf	0.0	50.0	11390.68017639918
2021-11-11	29203.44629766319	inf	0.0	50.0	12454.360355175537
2021-11-12	29204.746569109986	inf	0.0	10.0	10524.297246495822
2021-11-13	29246.49097289613	inf	0.0	10.0	8614.04280350135
2021-11-14	29227.51451490367	inf	0.0	10.0	10656.829553774742
2021-11-15	29247.374154639616	inf	0.0	10.0	8988.02458742676
2021-11-16	29239.421938770534	inf	0.0	50.0	11916.828888934027
2021-11-17	29245.376509407793	inf	0.0	50.0	11030.835789669829
2021-11-18	29281.85727995359	inf	0.0	50.0	11931.651228750434
2021-11-19	29231.753340404903	inf	0.0	50.0	12734.095951322943
2021-11-20	29360.10945491012	inf	0.0	50.0	11151.18240316549
2021-11-21	29298.34956089438	inf	0.0	50.0	11240.800259751586
2021-11-22	29223.97961460474	inf	0.0	50.0	12192.635868630972
2021-11-23	29294.941955804556	inf	0.0	10.0	12387.228272993816
2021-11-24	29343.554686694228	inf	0.0	50.0	10968.695095545105
2021-11-25	29381.939570399103	inf	0.0	50.0	13801.757837932646
2021-11-26	29420.634958560393	inf	0.0	10.0	11767.81904083252
2021-11-27	29419.896713760827	inf	0.0	10.0	9407.707400397703
2021-11-28	29364.6971244327	inf	0.0	48.14645994042972	11484.423925075274
2021-11-29	29369.37410741443	inf	0.0	50.0	10839.789262233799
2021-11-30	29327.78064689124	inf	0.0	50.0	11715.041234897531
2021-12-01	29387.733626413054	inf	0.0	10.0	8502.128275650304
2021-12-02	29378.70282774184	inf	0.0	50.0	11485.220629660125
2021-12-03	29327.986367032205	inf	0.0	10.0	11342.140314820017
2021-12-04	29308.27472710379	inf	0.0	10.0	9023.336985336093
2021-12-05	29333.640307903068	inf	0.0	10.0	9432.370707815371
2021-12-06	29299.05523828242	inf	0.0	50.0	10034.664350893372
2021-12-07	29248.67693672711	inf	0.0	50.0	12217.952368179967
2021-12-08	29263.6196548577	inf	0.0	10.0	9866.65873838126
2021-12-09	29278.648432384398	inf	0.0	50.0	11666.415405547203
2021-12-10	29247.605033681702	inf	0.0	50.0	11495.2278113565
2021-12-11	29218.790956563873	inf	0.0	10.0	9404.277545051998
2021-12-12	29233.00613812624	inf	0.0	50.0	12099.20187485001
2021-12-13	29144.526298843848	inf	0.0	10.0	10076.525448177468
2021-12-14	29058.785522931477	inf	0.0	10.0	10403.355261514715
2021-12-15	29015.123950846726	inf	0.0	10.0	10015.487957631834
2021-12-16	29002.1760725113	inf	0.0	10.0	10712.67645492533
2021-12-17	29021.07696593423	inf	0.0	50.0	12307.335306087612
2021-12-18	29110.876080691894	inf	0.0	50.0	12311.716304430685
2021-12-19	29163.212789286055	inf	0.0	33.51729780633606	12553.854997512539
2021-12-20	29153.464729102154	inf	0.0	50.0	11987.12028681271
2021-12-21	29152.320005586414	inf	0.0	10.0	10812.815776074392
2021-12-22	29091.20965091816	inf	0.0	10.0	10526.19126274103
2021-12-23	29090.098011862712	inf	0.0	31.309772132657706	8731.211967247777
2021-12-24	29072.5382645623	inf	0.0	10.0	10925.561391969752
2021-12-25	29092.20441487963	inf	0.0	10.0	9770.466460162694
2021-12-26	29041.877116030682	inf	0.0	50.0	11794.030003104228
2021-12-27	29073.4890100163	inf	0.0	50.0	11999.047044163475
2021-12-28	29166.954264822445	inf	0.0	50.0	11797.97547829382
2021-12-29	29160.329372973916	inf	0.0	50.0	11772.456242270358
2021-12-30	29184.881329271724	inf	0.0	50.0	11076.516793585046
2021-12-31	29227.098564219737	inf	0.0	10.0	11063.581195589088
2022-01-01	29202.57313085143	inf	0.0	10.0	9554.238558016703
2022-01-02	29216.29366047405	inf	0.0	49.85009491121082	11203.888852587887
2022-01-03	29217.07995749267	inf	0.0	10.0	8580.456776800907
2022-01-04	29223.071591625056	inf	0.0	37.519300383300525	11185.755407589853
2022-01-05	29175.82983083448	inf	0.0	17.112510393147527	10366.050862647233
2022-01-06	29177.343068404734	inf	0.0	50.0	11898.797840962077
2022-01-07	29207.796895396863	inf	0.0	10.0	8681.497942256487
2022-01-08	29296.688573306965	inf	0.0	10.0	8507.503381052176
2022-01-09	29355.60387624299	inf	0.0	50.0	12527.788996546995
2022-01-10	29488.25703767767	inf	0.0	10.0	11888.40907439184
2022-01-11	29440.93559969477	inf	0.0	50.0	10794.597445843381
2022-01-12	29494.771051393625	inf	0.0	50.0	13455.159631856397
2022-01-13	29506.1113250695	inf	0.0	50.0	11860.80790025528
2022-01-14	29641.717211527357	inf	0.0	10.0	10412.108618689777
2022-01-15	29591.612262699604	inf	0.0	10.0	9440.521790195575
2022-01-16	29539.648491150732	inf	0.0	50.0	10466.688066188473
2022-01-17	29502.61725030368	inf	0.0	50.0	12738.450800979186
2022-01-18	29371.7326217538	inf	0.0	50.0	11611.668333139081
2022-01-19	29339.434934274796	inf	0.0	50.0	10940.116935136366
2022-01-20	29292.856137606752	inf	0.0	10.0	10809.442968080188
2022-01-21	29302.09734592371	inf	0.0	10.0	7680.111857340601
2022-01-22	29323.087534327544	inf	0.0	10.0	8119.6696705365775
2022-01-23	29438.51511555905	inf	0.0	10.0	10269.14698051977
2022-01-24	29497.169251846837	inf	0.0	50.0	12191.77012746854
2022-01-25	29461.578432197468	inf	0.0	50.0	12226.0514966841
2022-01-26	29406.229199750007	inf	0.0	10.0	9573.939911623975
2022-01-27	29436.54726078748	inf	0.0	10.0	12236.571292328488
2022-01-28	29355.30817898277	inf	0.0	50.0	11824.068111655106
2022-01-29	29468.10385301915	inf	0.0	50.0	12037.699556503381
2022-01-30	29540.978162941607	inf	0.0	50.0	11197.611221066909
2022-01-31	29511.990152780123	inf	0.0	50.0	11820.163081304127
2022-02-01	29406.342788773825	inf	0.0	50.0	12830.923547426888
2022-02-02	29489.832322216203	inf	0.0	50.0	13271.41155931224
2022-02-03	29482.77732177029	inf	0.0	10.0	8058.562738342499
2022-02-04	29559.300494488758	inf	0.0	10.0	9773.108895843863
2022-02-05	29460.804931012528	inf	0.0	50.0	12613.130500678166
2022-02-06	29423.87361498037	inf	0.0	10.0	10337.772449673326
2022-02-07	29424.212775825214	inf	0.0	10.0	9508.854002432385
2022-02-08	29427.12329842426	inf	0.0	10.0	10062.207150283413
2022-02-09	29399.423285850902	inf	0.0	10.0	8879.297883751778
2022-02-10	29437.802984448754	inf	0.0	10.0	11318.996938942044
2022-02-11	29372.09106076997	inf	0.0	50.0	12939.07394483453
2022-02-12	29363.352654991824	inf	0.0	50.0	10214.57363392706
2022-02-13	29370.765205776377	inf	0.0	40.40815519128012	9995.79316126187
2022-02-14	29402.43297520089	inf	0.0	50.0	10668.719682471663
2022-02-15	29446.28859237484	inf	0.0	38.82383043492199	11917.474337779902
2022-02-16	29377.05030871925	inf	0.0	50.0	10685.54055577456
2022-02-17	29282.859577478466	inf	0.0	45.32709017834071	11576.584012319914
2022-02-18	29361.314128522357	inf	0.0	10.0	10490.543806746979
2022-02-19	29381.765894036158	inf	0.0	50.0	11573.145033786099
2022-02-20	29335.77377310314	inf	0.0	50.0	12071.953252461715
2022-02-21	29431.216810442016	inf	0.0	10.0	9084.891134854699
2022-02-22	29438.361676587017	inf	0.0	10.0	10143.40735162454
2022-02-23	29511.153602738763	inf	0.0	50.0	11381.325996224776
2022-02-24	29515.341860145087	inf	0.0	10.0	9203.764559324018
2022-02-25	29642.979496807566	inf	0.0	50.0	12602.621840087473
2022-02-26	29752.138617552	inf	0.0	10.0	10339.570454075749
2022-02-27	29736.65049691576	inf	0.0	10.0	9628.094354024102
2022-02-28	29797.217907689534	inf	0.0	50.0	11156.731839887696
2022-03-01	29837.524093055657	inf	0.0	50.0	11470.987156952846
2022-03-02	29923.16247095104	inf	0.0	50.0	12076.21498585693
2022-03-03	29862.78740649053	inf	0.0	50.0	10528.448748370602
2022-03-04	29905.729014055323	inf	0.0	12.750168613609588	9462.568226424271
2022-03-05	29972.090578328305	inf	0.0	50.0	12331.484905432924
2022-03-06	29861.94470020429	inf	0.0	50.0	10957.553021494017
2022-03-07	29788.073102999293	inf	0.0	50.0	13151.335747127021
2022-03-08	29661.17935154127	inf	0.0	10.0	11621.590166371092
2022-03-09	29644.469748630225	inf	0.0	50.0	10367.519272483922
2022-03-10	29689.05482179674	inf	0.0	10.0	11158.418220743388
2022-03-11	29782.604450608123	inf	0.0	50.0	11986.614484372021
2022-03-12	29787.24136345485	inf	0.0	10.0	9949.652956434678
2022-03-13	29889.000395424962	inf	0.0	10.0	9686.587994606423
2022-03-14	29802.776741949496	inf	0.0	12.39345205854547	11119.676527713314
2022-03-15	29696.69475494367	inf	0.0	10.0	10617.987329491149
2022-03-16	29693.257501103155	inf	0.0	50.0	10708.995810117593
2022-03-17	29717.1602155727	inf	0.0	10.0	8495.795589933081
2022-03-18	29715.142343055435	inf	0.0	50.0	10053.278085288888
2022-03-19	29586.811730960402	inf	0.0	10.0	10551.68061108804
2022-03-20	29581.307844525556	inf	0.0	50.0	12109.676410310123
2022-03-21	29500.64288705717	inf	0.0	10.0	10696.34357682471
2022-03-22	29542.05065707419	inf	0.0	38.86785506301047	11106.136184958039
2022-03-23	29564.750419381824	inf	0.0	10.0	8496.68117877703
2022-03-24	29506.64561809603	inf	0.0	10.0	9210.993301395732
2022-03-25	29474.93320195457	inf	0.0	50.0	12867.299647300282
2022-03-26	29409.656044801002	inf	0.0	50.0	11458.304803264095
2022-03-27	29405.812953526285	inf	0.0	10.0	9669.552525077133
2022-03-28	29464.693015306446	inf	0.0	10.0	8824.814974552159
2022-03-29	29403.962294451725	inf	0.0	50.0	12248.810118879906
2022-03-30	29435.025392587762	inf	0.0	13.710506505923304	9439.125881078271
2022-03-31	29402.380927705286	inf	0.0	50.0	12768.519655995673
2022-04-01	29353.628537033776	inf	0.0	10.0	10605.179766279996
2022-04-02	29347.06752920414	inf	0.0	10.0	9048.997268370786
2022-04-03	29283.543209128522	inf	0.0	10.0	9806.253639893906
2022-04-04	29249.63420516078	inf	0.0	10.0	9180.474614423818
2022-04-05	29176.384263601034	inf	0.0	10.0	8581.427368383496
2022-04-06	29296.66562773083	inf	0.0	10.0	9467.069360831492
2022-04-07	29298.844768158953	inf	0.0	50.0	11713.09369935857
2022-04-08	29255.969057567385	inf	0.0	10.0	10117.938004367574
2022-04-09	29269.09496395788	inf	0.0	50.0	11738.27937934493
2022-04-10	29262.22827961517	inf	0.0	50.0	11245.188002884184
2022-04-11	29248.709469488946	inf	0.0	50.0	12525.464286424216
2022-04-12	29286.3599853868	inf	0.0	15.431628692857029	10092.5741230555
2022-04-13	29332.860803087206	inf	0.0	50.0	12520.813386358623
2022-04-14	29300.31470274626	inf	0.0	10.0	7948.133672120596
2022-04-15	29265.027910235687	inf	0.0	50.0	7818.46263923152
2022-04-16	29248.195803446193	inf	0.0	10.0	9898.820255663886
2022-04-17	29107.588557840805	inf	0.0	10.0	9036.710715968436
2022-04-18	29015.41133901539	inf	0.0	50.0	11920.90353825612
2022-04-19	29098.583063658836	inf	0.0	10.0	9771.196397222186
2022-04-20	29198.98915744237	inf	0.0	50.0	13777.51045115887
2022-04-21	29183.784598060774	inf	0.0	50.0	12004.140975886557
2022-04-22	29219.050642811155	inf	0.0	10.0	9907.541490098678
2022-04-23	29238.113846521275	inf	0.0	50.0	12467.475912288253
2022-04-24	29427.21464257941	inf	0.0	10.0	11162.020124241928
2022-04-25	29496.290550998194	inf	0.0	50.0	11511.79257290678
2022-04-26	29488.408055204927	inf	0.0	10.0	10624.92330038836
2022-04-27	29429.48832381283	inf	0.0	10.0	8789.86270493602
2022-04-28	29330.68724226287	inf	0.0	10.0	10494.689928656704
2022-04-29	29343.200589354765	inf	0.0	50.0	10037.75617854574
2022-04-30	29296.786452624296	inf	0.0	50.0	12020.29746447261
2022-05-01	29209.69322961346	inf	0.0	25.271601131125045	11051.127897752694
2022-05-02	29170.194019367707	inf	0.0	10.0	11446.907718369534
2022-05-03	29104.23076552148	inf	0.0	50.0	10387.290865595693
2022-05-04	29207.235213234202	inf	0.0	10.0	9606.94426310487
2022-05-05	29261.21424407669	inf	0.0	10.0	10692.310229058032
2022-05-06	29260.741844911296	inf	0.0	50.0	11838.546098245462
2022-05-07	29351.56448939948	inf	0.0	10.0	10301.086608890384
2022-05-08	29356.335493656024	inf	0.0	50.0	10576.373666402456
2022-05-09	29303.461940081786	inf	0.0	10.0	9269.40068255471
2022-05-10	29397.07472535084	inf	0.0	50.0	13383.960637995806
2022-05-11	29430.278691421536	inf	0.0	50.0	11674.390603289894
2022-05-12	29366.451048749735	inf	0.0	10.0	10309.114628206364
2022-05-13	29354.76660339716	inf	0.0	10.0	9464.388500804847
2022-05-14	29301.016505351312	inf	0.0	10.0	8683.124843511046
2022-05-15	29216.32401109117	inf	0.0	50.0	13011.896133406522
2022-05-16	29273.0493823236	inf	0.0	10.0	10391.545241488056
2022-05-17	29390.325682243263	inf	0.0	10.0	12606.894665945038
2022-05-18	29304.407601918432	inf	0.0	50.0	11069.08774755644
2022-05-19	29338.984745130776	inf	0.0	10.0	10558.558877183978
2022-05-20	29299.061049614545	inf	0.0	50.0	10460.610615064217
2022-05-21	29269.21043325851	inf	0.0	10.0	9861.111570964382
2022-05-22	29232.946569503525	inf	0.0	50.0	12724.301888069795
2022-05-23	29180.12989472215	inf	0.0	10.0	7789.215216178764
2022-05-24	29183.11043153042	inf	0.0	10.0	9315.496062704735
2022-05-25	29132.399022673864	inf	0.0	13.851332268650566	9476.896316459395
2022-05-26	29148.916012064303	inf	0.0	50.0	10911.435281406833
2022-05-27	29145.86616407318	inf	0.0	10.0	9906.138631049507
2022-05-28	29131.304548236934	inf	0.0	50.0	12720.60804706791
2022-05-29	29076.018836341646	inf	0.0	50.0	11746.283496299988
2022-05-30	29040.944215896114	inf	0.0	50.0	11946.747933428165
2022-05-31	29086.92647055628	inf	0.0	10.0	9930.980651316571
2022-06-01	29117.463869754625	inf	0.0	50.0	11711.776871739374
2022-06-02	29057.94593019831	inf	0.0	10.0	8819.470024149816
2022-06-03	29064.00571221296	inf	0.0	50.0	12650.15286306527
2022-06-04	29109.780442369483	inf	0.0	10.0	10110.187944266749
2022-06-05	29008.22866154816	inf	0.0	10.0	10592.597372967557
2022-06-06	29041.26401004843	inf	0.0	10.0	8921.255732904707
2022-06-07	29001.01794618266	inf	0.0	10.0	9317.944286384325
2022-06-08	29035.700915029094	inf	0.0	50.0	11563.050295128724
2022-06-09	28989.353863193148	inf	0.0	50.0	10285.117139021993
2022-06-10	28880.029297759178	inf	0.0	50.0	10566.205082482089
2022-06-11	28781.801580413983	inf	0.0	10.0	9579.498729310744
2022-06-12	28784.715113663053	inf	0.0	50.0	12042.766429250742
2022-06-13	28800.38770023879	inf	0.0	50.0	10955.757810275094
2022-06-14	28745.92542896554	inf	0.0	10.0	8859.399928257626
2022-06-15	28784.400733796036	inf	0.0	50.0	10953.006579705552
2022-06-16	28684.457620864538	inf	0.0	10.0	9739.083101678305
2022-06-17	28680.505087618018	inf	0.0	10.0	9173.69974718768
2022-06-18	28607.89347191158	inf	0.0	10.0	12171.869687599292
2022-06-19	28568.89323450087	inf	0.0	50.0	12827.274310234294
2022-06-20	28571.744162007453	inf	0.0	10.0	10544.732375860112
2022-06-21	28520.335732179625	inf	0.0	10.0	11028.435398228134
2022-06-22	28497.39766062043	inf	0.0	50.0	10662.033278910167
2022-06-23	28557.516940001136	inf	0.0	21.03395155390852	9251.261168902134
2022-06-24	28523.06059387751	inf	0.0	50.0	10634.441627818154
2022-06-25	28573.026306533615	inf	0.0	50.0	13184.859227401163
2022-06-26	28505.539084433953	inf	0.0	50.0	11425.192349749897
2022-06-27	28537.191997664868	inf	0.0	10.0	8470.726362049096
2022-06-28	28623.468917711023	inf	0.0	50.0	11673.666795727477
2022-06-29	28475.74434699596	inf	0.0	10.0	10293.58641636652
2022-06-30	28428.289005597242	inf	0.0	50.0	12101.716879882653
2022-07-01	28462.672799902943	inf	0.0	10.0	9992.849464188053
2022-07-02	28450.59104457404	inf	0.0	50.0	10756.714873837758
2022-07-03	28472.723239630206	inf	0.0	10.0	10341.239768771098
2022-07-04	28436.75607682814	inf	0.0	50.0	11113.449408053206
2022-07-05	28441.927504074964	inf	0.0	10.0	9380.095092109494
2022-07-06	28432.674210875648	inf	0.0	10.0	10251.842045927946
2022-07-07	28502.29220957933	inf	0.0	10.0	9347.882787700439
2022-07-08	28517.494476022574	inf	0.0	10.0	9037.32256833124
2022-07-09	28537.674465766726	inf	0.0	10.0	10233.195137643439
2022-07-10	28513.091375475098	inf	0.0	50.0	10814.55199204891
2022-07-11	28484.012848867133	inf	0.0	50.0	11319.174121105001
2022-07-12	28458.243710190454	inf	0.0	10.0	10236.679736338532
2022-07-13	28481.7716276973	inf	0.0	10.0	11719.44289486836
2022-07-14	28456.69406577316	inf	0.0	10.0	10281.500024746148
2022-07-15	28473.979593046617	inf	0.0	50.0	12094.12630835964
2022-07-16	28597.99124462271	inf	0.0	50.0	12901.854055778713
2022-07-17	28650.21355729212	inf	0.0	50.0	10792.026375051486
2022-07-18	28630.679452662782	inf	0.0	50.0	11751.959454373298
2022-07-19	28702.79128570041	inf	0.0	50.0	11973.97170032136
2022-07-20	28678.294220019936	inf	0.0	50.0	11992.279198161505
2022-07-21	28556.194222081493	inf	0.0	50.0	12468.023118202527
2022-07-22	28496.001951860297	inf	0.0	50.0	12301.270351387746
2022-07-23	28384.620704654775	inf	0.0	10.0	9970.26525580517
2022-07-24	28363.75392188596	inf	0.0	10.0	9705.637711491934
2022-07-25	28364.863262087634	inf	0.0	10.0	8279.993672175147
2022-07-26	28464.61302746731	inf	0.0	18.871525599900004	10327.002308823145
2022-07-27	28484.118946317685	inf	0.0	32.29412831393128	12142.593777543916
2022-07-28	28471.07102831701	inf	0.0	50.0	11910.423727313355
2022-07-29	28520.570274874714	inf	0.0	36.603149601732156	11156.952526221947
2022-07-30	28388.856586022248	inf	0.0	50.0	14319.763214607887
2022-07-31	28402.87997416937	inf	0.0	10.0	8237.960040826432
2022-08-01	28448.773605941817	inf	0.0	10.0	8713.706263455137
2022-08-02	28360.856180822135	inf	0.0	10.0	11830.786737386776
2022-08-03	28428.868114333956	inf	0.0	10.0	10025.579273931215
2022-08-04	28449.038623594945	inf	0.0	50.0	11399.318563027262
2022-08-05	28424.328893817852	inf	0.0	21.685748309345396	9058.795320890367
2022-08-06	28462.02749406216	inf	0.0	50.0	12212.952134951385
2022-08-07	28597.677780656435	inf	0.0	50.0	12997.66172152184
2022-08-08	28608.584741972332	inf	0.0	10.0	8481.784289477575
2022-08-09	28623.47212503629	inf	0.0	50.0	11463.800748167087
2022-08-10	28595.972062013534	inf	0.0	10.0	9356.63460242594
2022-08-11	28545.151687104917	inf	0.0	50.0	12111.414442261746
2022-08-12	28594.835420943695	inf	0.0	10.0	8728.856044853123
2022-08-13	28543.644183068434	inf	0.0	50.0	13109.992794671098
2022-08-14	28547.937066551127	inf	0.0	50.0	12445.90321683131
2022-08-15	28519.417048298357	inf	0.0	50.0	11336.628848754026
2022-08-16	28548.04739168265	inf	0.0	10.0	9484.359188806124
2022-08-17	28568.013305335622	inf	0.0	23.790368032986713	10192.972113135844
2022-08-18	28630.154538850657	inf	0.0	50.0	11156.732083882505
2022-08-19	28599.614699759015	inf	0.0	50.0	11269.910953715802
2022-08-20	28583.475114934914	inf	0.0	50.0	11342.59538239605
2022-08-21	28524.976509054795	inf	0.0	10.0	11522.186031662588
2022-08-22	28498.47010444102	inf	0.0	10.0	10632.465294780084
2022-08-23	28521.00706192269	inf	0.0	50.0	12592.817285180805
2022-08-24	28566.261607436965	inf	0.0	50.0	12187.26746153044
2022-08-25	28511.176599317525	inf	0.0	50.0	10768.337792969898
2022-08-26	28563.149553967913	inf	0.0	10.0	9823.0884101918
2022-08-27	28644.35100098929	inf	0.0	50.0	13039.063342211339
2022-08-28	28669.172191629183	inf	0.0	23.448154394406988	9087.44909850131
2022-08-29	28782.06335792383	inf	0.0	10.0	10924.09716203225
2022-08-30	28735.487634885714	inf	0.0	10.0	12146.253311921302
2022-08-31	28660.718206815738	inf	0.0	50.0	13082.214483117115
2022-09-01	28554.19700325361	inf	0.0	50.0	13657.354566512273
2022-09-02	28643.79213106743	inf	0.0	10.0	10345.88312021457
2022-09-03	28683.07795668125	inf	0.0	10.0	10742.237986415716
2022-09-04	28679.755804208362	inf	0.0	50.0	10805.311332197796
2022-09-05	28696.58764325413	inf	0.0	10.0	10413.241653077917
2022-09-06	28629.06139562122	inf	0.0	50.0	12625.010275427356
2022-09-07	28776.052848834304	inf	0.0	50.0	12816.779999262706
2022-09-08	28783.855030322	inf	0.0	10.0	10870.23432518522
2022-09-09	28790.464198133028	inf	0.0	10.0	9007.13790463492
2022-09-10	28834.261355197556	inf	0.0	10.0	9617.190145273784
2022-09-11	28863.33040631109	inf	0.0	50.0	11797.090588422127
2022-09-12	28876.878942997857	inf	0.0	10.0	8564.269648340454
2022-09-13	28829.142656926324	inf	0.0	50.0	12057.551372345577
2022-09-14	28857.630090887753	inf	0.0	47.36880973498899	9847.139495526497
2022-09-15	28971.580509643798	inf	0.0	10.0	11336.696577674003
2022-09-16	29053.32153050424	inf	0.0	10.0	10110.921533480727
2022-09-17	29150.410967877917	inf	0.0	10.0	9647.460539069973
2022-09-18	29119.24305403754	inf	0.0	50.0	10879.468407803484
2022-09-19	29058.988364119323	inf	0.0	10.0	9679.268883984882
2022-09-20	29051.352328724937	inf	0.0	50.0	12240.815121846628
2022-09-21	29054.757897449286	inf	0.0	10.0	10071.184143601586
2022-09-22	29121.411818853314	inf	0.0	10.0	9253.277931616742
2022-09-23	29018.418439498546	inf	0.0	50.0	11361.298144614384
2022-09-24	29111.51230631814	inf	0.0	50.0	12798.517869773992
2022-09-25	29101.899161613146	inf	0.0	50.0	10843.696190811026
2022-09-26	29075.91662759531	inf	0.0	50.0	11738.472237467517
2022-09-27	29014.384771194233	inf	0.0	10.0	10047.004283725126
2022-09-28	28914.046504614085	inf	0.0	50.0	12503.70710280856
2022-09-29	28963.937796537637	inf	0.0	10.0	10703.371154257902
2022-09-30	28968.400134997908	inf	0.0	10.0	8267.85012792806
2022-10-01	28890.28408424813	inf	0.0	10.0	8128.159728506668
2022-10-02	28812.06995018832	inf	0.0	50.0	11474.009035585472
2022-10-03	28791.837067375076	inf	0.0	50.0	13441.97567766198
2022-10-04	28892.63975504609	inf	0.0	10.0	12222.391230624258
2022-10-05	28876.956542019598	inf	0.0	17.70909306920168	11825.193783772422
2022-10-06	28786.235808945792	inf	0.0	10.0	9935.344771400101
2022-10-07	28771.44454307187	inf	0.0	10.0	7820.651156519517
2022-10-08	28755.03648918378	inf	0.0	50.0	9271.018806448843
2022-10-09	28593.14552481873	inf	0.0	50.0	12011.962596098361
2022-10-10	28589.910994312577	inf	0.0	50.0	11324.550886648527
2022-10-11	28576.106582230368	inf	0.0	10.0	10897.1938169909
2022-10-12	28617.80643407468	inf	0.0	50.0	12659.656637548907
2022-10-13	28728.820745067886	inf	0.0	10.0	10503.245891591598
2022-10-14	28796.678721584638	inf	0.0	50.0	11082.558723228749
2022-10-15	28780.487356529546	inf	0.0	50.0	10651.67344518398
2022-10-16	28713.903690261046	inf	0.0	50.0	12216.827748009726
2022-10-17	28869.04272120451	inf	0.0	10.0	11277.635720064469
2022-10-18	28872.638102960344	inf	0.0	50.0	11916.789478223194
2022-10-19	28873.495969239237	inf	0.0	50.0	10471.34445740307
2022-10-20	28872.053409027187	inf	0.0	10.0	10160.6599083109
2022-10-21	28884.045803141573	inf	0.0	10.0	10008.983646030694
2022-10-22	28875.33283481316	inf	0.0	10.0	8489.664257926575
2022-10-23	28840.68805502454	inf	0.0	50.0	10955.640106420926
2022-10-24	28807.701411988546	inf	0.0	50.0	12417.246710140827
2022-10-25	28805.741764594746	inf	0.0	10.0	9279.097489189611
2022-10-26	28773.00197173048	inf	0.0	10.0	11316.46165536373
2022-10-27	28730.106552641217	inf	0.0	50.0	12299.293639528678
2022-10-28	28736.52501374623	inf	0.0	10.0	9058.049892914658
2022-10-29	28721.204003861836	inf	0.0	50.0	11596.4253153309
2022-10-30	28811.802638417437	inf	0.0	10.0	10194.266656051183
2022-10-31	28652.34646651915	inf	0.0	50.0	11878.490598719487
2022-11-01	28717.915803888965	inf	0.0	10.0	9045.100929981108
2022-11-02	28792.95223657752	inf	0.0	50.0	12723.965648965048
2022-11-03	28668.247257013853	inf	0.0	50.0	13211.492075436385
2022-11-04	28647.70133607849	inf	0.0	50.0	12247.117200901755
2022-11-05	28625.446818977674	inf	0.0	10.0	11170.684954929751
2022-11-06	28541.230268226172	inf	0.0	10.0	9546.630161036295
2022-11-07	28494.80398746055	inf	0.0	10.0	11499.598583613093
2022-11-08	28428.640192765783	inf	0.0	50.0	11063.470878835145
2022-11-09	28533.144130814664	inf	0.0	10.0	9222.516242558717
2022-11-10	28589.11174990187	inf	0.0	10.0	8132.3401146287615
2022-11-11	28665.34020683881	inf	0.0	50.0	11587.473838455971
2022-11-12	28708.700906570015	inf	0.0	50.0	11298.808171570796
2022-11-13	28640.932514136606	inf	0.0	10.0	10498.047757520446
2022-11-14	28609.51238892488	inf	0.0	50.0	11963.298079961487
2022-11-15	28638.856450550884	inf	0.0	10.0	8512.161629026265
2022-11-16	28565.68570919743	inf	0.0	10.0	9618.263028759435
2022-11-17	28608.37613490609	inf	0.0	50.0	11427.431036430731
2022-11-18	28594.000597183036	inf	0.0	33.76492479051886	9012.762795119399
2022-11-19	28571.585607144047	inf	0.0	45.41928398735059	10446.79854230488
2022-11-20	28614.16272685489	inf	0.0	50.0	11027.224569269352
2022-11-21	28640.806328384264	inf	0.0	10.0	11119.851692141976
2022-11-22	28619.184803288448	inf	0.0	50.0	11842.434768905527
2022-11-23	28688.751783338765	inf	0.0	50.0	12648.325019602718
2022-11-24	28623.906272774137	inf	0.0	10.0	8453.426767910976
2022-11-25	28660.858655113727	inf	0.0	50.0	12952.406932272657
2022-11-26	28696.486782039367	inf	0.0	10.0	11049.720761817214
2022-11-27	28677.910441711443	inf	0.0	10.0	7631.122730201169
2022-11-28	28697.514798934404	inf	0.0	50.0	10931.404236021643
2022-11-29	28622.457114109216	inf	0.0	50.0	12518.860937551917
2022-11-30	28677.900330559656	inf	0.0	50.0	12531.799053749086
2022-12-01	28666.81614576298	inf	0.0	50.0	10898.80649916288
2022-12-02	28635.47537710172	inf	0.0	10.0	9413.155922336198
2022-12-03	28698.45248731657	inf	0.0	50.0	11342.472717427187
2022-12-04	28656.178306402195	inf	0.0	10.0	9905.027527600569
2022-12-05	28571.814537215345	inf	0.0	50.0	13285.978393640336
2022-12-06	28478.8630957771	inf	0.0	50.0	11379.609143406582
2022-12-07	28515.03564711645	inf	0.0	50.0	12754.85136422329
2022-12-08	28438.70965865971	inf	0.0	50.0	11253.66647256183
2022-12-09	28543.40143339389	inf	0.0	10.0	9388.635269104847
2022-12-10	28419.269185193843	inf	0.0	10.0	11188.373565254708
2022-12-11	28520.405651911835	inf	0.0	41.22003368827268	12694.683787189448
2022-12-12	28533.024566995828	inf	0.0	10.0	10439.900368757242
2022-12-13	28527.26319317478	inf	0.0	50.0	10224.58649014862
2022-12-14	28494.750761171246	inf	0.0	50.0	11261.988391950032
2022-12-15	28518.588536028325	inf	0.0	50.0	12490.302039008875
2022-12-16	28516.357110253302	inf	0.0	10.0	9557.190762123972
2022-12-17	28582.321080898753	inf	0.0	50.0	10888.946686547994
2022-12-18	28589.173252572567	inf	0.0	50.0	12006.264861661368
2022-12-19	28598.18695538057	inf	0.0	49.47842224657893	10822.170610721612
2022-12-20	28576.43929014559	inf	0.0	50.0	13446.616065006123
2022-12-21	28573.04807209429	inf	0.0	50.0	13068.5758263596
2022-12-22	28591.48338081662	inf	0.0	50.0	12233.137273107743
2022-12-23	28489.308180993132	inf	0.0	10.0	11575.731425153053
2022-12-24	28409.02065072918	inf	0.0	13.650784743931991	10310.963300012638
2022-12-25	28453.27989036864	inf	0.0	50.0	12577.023312017942
2022-12-26	28463.47619063799	inf	0.0	50.0	13049.390769206208
2022-12-27	28452.529615820884	inf	0.0	10.0	9822.41532222003
2022-12-28	28453.64335474093	inf	0.0	10.0	9252.641579989242
2022-12-29	28474.37307230636	inf	0.0	10.0	7941.086746377777
2022-12-30	28442.228156756843	inf	0.0	50.0	11642.64784946728
2022-12-31	28395.93390163981	inf	0.0	10.0	10648.95503011171
2023-01-01	28407.595334062036	inf	0.0	10.0	10527.767950507558
2023-01-02	28349.4798858818	inf	0.0	50.0	12413.519360524586
2023-01-03	28373.737709660527	inf	0.0	50.0	11129.83507664426
2023-01-04	28272.78962599327	inf	0.0	50.0	10234.738428541816
2023-01-05	28333.79130697607	inf	0.0	50.0	11436.307095523096
2023-01-06	28361.85630955087	inf	0.0	50.0	11393.757827386482
2023-01-07	28377.079260533937	inf	0.0	50.0	11294.419090827912
2023-01-08	28435.539533243667	inf	0.0	10.0	10530.580950298456
2023-01-09	28534.882877411535	inf	0.0	10.0	12184.403045350206
2023-01-10	28595.564821677952	inf	0.0	10.0	10048.8468351891
2023-01-11	28485.57865596015	inf	0.0	10.0	10052.521529696829
2023-01-12	28409.382215189507	inf	0.0	10.0	9775.760759692923
2023-01-13	28372.257475427556	inf	0.0	50.0	11885.740254899301
2023-01-14	28373.82294840422	inf	0.0	50.0	10682.741476999356
2023-01-15	28404.607313330824	inf	0.0	50.0	11837.18986783107
2023-01-16	28361.495205255676	inf	0.0	49.5986794796823	12234.303459334582
2023-01-17	28372.60319452453	inf	0.0	50.0	11788.01754214051
2023-01-18	28327.781718417027	inf	0.0	10.0	10273.490920428087
2023-01-19	28291.551458123657	inf	0.0	10.0	10189.540743124455
2023-01-20	28208.367469237157	inf	0.0	50.0	10316.151583750041
2023-01-21	28153.909647480385	inf	0.0	50.0	12522.981278198147
2023-01-22	28074.36164528701	inf	0.0	50.0	11394.078977464846
2023-01-23	28017.074536883956	inf	0.0	10.0	8812.270621480984
2023-01-24	28078.96395935071	inf	0.0	10.0	8837.34606496409
2023-01-25	28023.220723098937	inf	0.0	50.0	12330.587857139397
2023-01-26	28178.10993173041	inf	0.0	50.0	12382.859813213829
2023-01-27	28207.24439701181	inf	0.0	50.0	10024.819147156793
2023-01-28	28218.177909787613	inf	0.0	10.0	10055.560543906333
2023-01-29	28167.526869225247	inf	0.0	10.0	8419.387696106056
2023-01-30	28208.872854512174	inf	0.0	10.0	9933.393353524278
2023-01-31	28174.911143783327	inf	0.0	50.0	11979.286360917311
2023-02-01	28182.124826548054	inf	0.0	10.0	10436.783509484032
2023-02-02	28333.603171407452	inf	0.0	10.0	12356.680698178261
2023-02-03	28327.920806668997	inf	0.0	10.0	8175.434102018415
2023-02-04	28396.181893974128	inf	0.0	50.0	11929.461177369129
2023-02-05	28354.422267219798	inf	0.0	10.0	9517.786125294988
2023-02-06	28352.36076849159	inf	0.0	50.0	11948.290618650599
2023-02-07	28457.688342355585	inf	0.0	10.0	10458.658567966995
2023-02-08	28420.37263462376	inf	0.0	10.0	9409.707720290202
2023-02-09	28528.440385746293	inf	0.0	50.0	11819.59277401238
2023-02-10	28570.76131054986	inf	0.0	46.520557808746446	10506.269908970355
2023-02-11	28537.15084336604	inf	0.0	50.0	12723.140347424305
2023-02-12	28574.976694009292	inf	0.0	50.0	12224.303180801457
2023-02-13	28633.236975335058	inf	0.0	10.0	10825.539528282205
2023-02-14	28670.554023455094	inf	0.0	10.0	9450.259325931207
2023-02-15	28576.467918209688	inf	0.0	10.0	9499.490217711453
2023-02-16	28533.011723726067	inf	0.0	10.0	8725.824651463288
2023-02-17	28518.244555334244	inf	0.0	10.0	9962.426940094683
2023-02-18	28513.816215307623	inf	0.0	50.0	10491.262964908874
2023-02-19	28550.909606938465	inf	0.0	50.0	13608.841442501332
2023-02-20	28561.549651265377	inf	0.0	50.0	10266.891256695928
2023-02-21	28481.824264223	inf	0.0	10.0	10331.930857430974
2023-02-22	28504.520971157744	inf	0.0	10.0	11226.231485359664
2023-02-23	28540.999542559006	inf	0.0	50.0	12355.0391326153
2023-02-24	28574.48574213611	inf	0.0	10.0	9910.327019059894
2023-02-25	28639.233733973077	inf	0.0	50.0	10984.703804397835
2023-02-26	28689.296639097032	inf	0.0	50.0	10467.84145806471
2023-02-27	28716.907048986806	inf	0.0	50.0	12462.528929413638
2023-02-28	28712.704415999953	inf	0.0	50.0	13035.416639319044
2023-03-01	28613.043737544172	inf	0.0	10.0	9755.342218042915
2023-03-02	28638.808150043656	inf	0.0	10.0	8541.027075309748
2023-03-03	28651.27970815459	inf	0.0	50.0	9128.926080169118
2023-03-04	28667.5912651502	inf	0.0	10.0	8633.097833060885
2023-03-05	28591.07726636034	inf	0.0	10.0	9920.144536780957
2023-03-06	28526.452935982477	inf	0.0	50.0	13551.182670258071
2023-03-07	28589.438302988063	inf	0.0	50.0	12614.726393203775
2023-03-08	28587.08638924395	inf	0.0	30.50793040308774	10846.93495006009
2023-03-09	28627.920819300653	inf	0.0	50.0	11385.564787269104
2023-03-10	28629.633908288106	inf	0.0	10.0	8928.802242263468
2023-03-11	28631.433287112744	inf	0.0	50.0	12918.217641752348
2023-03-12	28687.750189462404	inf	0.0	10.0	10094.130668808144
2023-03-13	28656.787219427322	inf	0.0	50.0	9613.261268885195
2023-03-14	28662.570616557787	inf	0.0	50.0	10866.82354485134
2023-03-15	28634.858263602226	inf	0.0	10.0	8835.153595302592
2023-03-16	28608.83657160478	inf	0.0	10.0	9135.484346326155
2023-03-17	28590.339376970907	inf	0.0	50.0	12192.221718339315
2023-03-18	28603.65495263976	inf	0.0	50.0	11485.702495669757
2023-03-19	28575.013988777075	inf	0.0	10.0	9623.39546112741
2023-03-20	28650.257140618854	inf	0.0	10.0	11340.109136875988
2023-03-21	28596.660087587912	inf	0.0	50.0	11177.686009611978
2023-03-22	28585.489428711757	inf	0.0	50.0	13442.325145046658
2023-03-23	28559.199585616792	inf	0.0	10.0	9012.63078869778
2023-03-24	28645.86746423106	inf	0.0	10.0	10196.133123863947
2023-03-25	28657.674109094565	inf	0.0	50.0	11301.228154155846
2023-03-26	28719.667904948685	inf	0.0	50.0	12056.069708129737
2023-03-27	28630.495257458017	inf	0.0	10.0	10565.57861501453
2023-03-28	28646.52336971333	inf	0.0	50.0	12045.80055617008
2023-03-29	28699.94629626055	inf	0.0	10.0	9119.862844723853
2023-03-30	28704.906809734126	inf	0.0	10.0	8411.65342538001
2023-03-31	28769.02871770547	inf	0.0	10.0	12449.937972007545
2023-04-01	28737.9031900749	inf	0.0	32.862811495679225	10375.5384282424
2023-04-02	28822.842429921486	inf	0.0	10.0	10790.342830369606
2023-04-03	28961.922608810477	inf	0.0	10.0	8857.427830226154
2023-04-04	28939.945215221207	inf	0.0	10.0	9372.154784526014
2023-04-05	28912.98000448513	inf	0.0	10.0	9559.153496339497
2023-04-06	29001.1104940641	inf	0.0	50.0	12582.440847452677
2023-04-07	29097.19603913452	inf	0.0	50.0	9440.17941636846
2023-04-08	29065.376408655793	inf	0.0	50.0	11884.853305778555
2023-04-09	29039.83349416681	inf	0.0	10.0	8526.020345407378
2023-04-10	29022.72178389046	inf	0.0	10.0	9942.195631235178
2023-04-11	28941.157319074857	inf	0.0	50.0	11025.743963790614
2023-04-12	28885.561870339992	inf	0.0	50.0	11028.713748756485
2023-04-13	28824.913456374165	inf	0.0	50.0	11646.294385502559
2023-04-14	28778.62940823853	inf	0.0	10.0	8768.80972969179
2023-04-15	28776.555359557115	inf	0.0	10.0	9038.879364652203
2023-04-16	28790.685881124722	inf	0.0	14.160450511488435	8612.855325715227
2023-04-17	28884.31609335595	inf	0.0	50.0	10317.249705832917
2023-04-18	28824.019514459746	inf	0.0	50.0	12935.46099263913
2023-04-19	28883.499195834294	inf	0.0	49.263413595358664	10579.831125894667
2023-04-20	28870.577311223748	inf	0.0	50.0	11410.795006728327
2023-04-21	28867.603390449185	inf	0.0	36.99369341317325	11623.17749310486
2023-04-22	28908.43413135668	inf	0.0	50.0	11167.93868726902
2023-04-23	28840.57646739641	inf	0.0	50.0	11144.30030276084
2023-04-24	28863.692726655965	inf	0.0	33.3078357349096	11051.933600865035
2023-04-25	28873.769305618574	inf	0.0	10.0	10687.755650848982
2023-04-26	28903.57059589188	inf	0.0	36.46470966997959	9860.344879895882
2023-04-27	28921.090863184658	inf	0.0	50.0	11471.084714215222
2023-04-28	29070.16283031123	inf	0.0	50.0	10798.392986913857
2023-04-29	29031.389186234184	inf	0.0	50.0	11373.558039281386
2023-04-30	28999.147478768606	inf	0.0	50.0	11756.320872356375
2023-05-01	28961.353797642496	inf	0.0	50.0	10906.029097488681
2023-05-02	28927.707171033675	inf	0.0	10.0	9275.363510085244
2023-05-03	28889.14487620529	inf	0.0	50.0	10358.384716663604
2023-05-04	28961.16809486753	inf	0.0	10.0	10075.696476125313
2023-05-05	29047.4457382778	inf	0.0	10.0	11151.510295581606
2023-05-06	29012.7715677904	inf	0.0	50.0	10641.597744895533
2023-05-07	28962.27093183402	inf	0.0	50.0	11225.455166707909
2023-05-08	28990.88671121031	inf	0.0	10.0	10200.15353659825
2023-05-09	28957.4030612972	inf	0.0	10.0	10943.08503313353
2023-05-10	28995.81777012408	inf	0.0	10.0	8272.12893025954
2023-05-11	29008.155418032715	inf	0.0	10.0	9416.314762149457
2023-05-12	28916.2595988505	inf	0.0	50.0	12416.716914629873
2023-05-13	29010.11625981894	inf	0.0	50.0	12047.105446140453
2023-05-14	29119.416198305742	inf	0.0	16.929093849738333	8123.192446089659
2023-05-15	29082.09608144354	inf	0.0	10.0	10257.414632083146
2023-05-16	29058.514799229983	inf	0.0	10.0	11181.506795390926
2023-05-17	29075.927897909358	inf	0.0	50.0	11736.510262352442
2023-05-18	29096.311411481274	inf	0.0	50.0	10609.102807062569
2023-05-19	29136.472787578692	inf	0.0	10.0	9262.930948981882
2023-05-20	29259.37556044971	inf	0.0	50.0	14113.548285734649
2023-05-21	29248.553767146284	inf	0.0	10.0	10483.933998529346
2023-05-22	29199.724813713063	inf	0.0	10.0	10473.916313047244
2023-05-23	29115.537263315888	inf	0.0	50.0	12433.045075342232
2023-05-24	29071.03044986781	inf	0.0	10.0	9144.588405051365
2023-05-25	29069.03014529505	inf	0.0	10.0	9313.190316902474
2023-05-26	29178.47142224262	inf	0.0	45.04518792301687	11927.311743580018
2023-05-27	29146.883212293018	inf	0.0	10.0	10266.091552299935
2023-05-28	29160.558983989282	inf	0.0	50.0	13102.75926544248
2023-05-29	29159.57230646769	inf	0.0	50.0	12625.105342607902
2023-05-30	29232.231579358133	inf	0.0	10.0	8578.971876090991
2023-05-31	29387.31436948592	inf	0.0	10.0	10785.034662068349
2023-06-01	29354.685256337296	inf	0.0	10.0	10458.82591773496
2023-06-02	29324.635892353665	inf	0.0	10.0	8954.325266716392
2023-06-03	29388.830325292944	inf	0.0	10.0	9308.585367086542
2023-06-04	29430.83406452124	inf	0.0	50.0	14699.957538164152
2023-06-05	29544.863171014968	inf	0.0	47.294429919521576	10862.532447946323
2023-06-06	29581.0220707996	inf	0.0	10.0	8661.584389649588
2023-06-07	29558.79436128805	inf	0.0	10.0	9883.878661445855
2023-06-08	29595.387116089696	inf	0.0	50.0	13864.3960680914
2023-06-09	29664.18258198546	inf	0.0	47.550673624386626	11006.245510910385
2023-06-10	29715.200978084587	inf	0.0	10.0	9578.144679678786
2023-06-11	29746.793888091048	inf	0.0	10.0	10789.931709889552
2023-06-12	29813.317744655218	inf	0.0	50.0	11929.405250227834
2023-06-13	29886.410983949347	inf	0.0	50.0	11655.735663668629
2023-06-14	29973.038569140655	inf	0.0	50.0	12645.345101105506
2023-06-15	30013.79208718858	inf	0.0	10.0	10044.452502000335
2023-06-16	30003.30870646428	inf	0.0	28.980290203223532	11549.310384791239
2023-06-17	30012.54279806407	inf	0.0	10.0	10853.022710946365
2023-06-18	30088.468683073894	inf	0.0	50.0	12312.964087837503
2023-06-19	30037.065369892887	inf	0.0	36.71054805773005	11468.941280087092
2023-06-20	30060.27609373947	inf	0.0	10.0	9868.65819627494
2023-06-21	30035.54714971474	inf	0.0	10.0	10153.65961119034
2023-06-22	30037.371289626968	inf	0.0	50.0	11567.317178123483
2023-06-23	30117.896198477672	inf	0.0	10.0	10035.556337656564
2023-06-24	30129.965388552886	inf	0.0	10.0	10776.773423183007
2023-06-25	30132.91139791668	inf	0.0	10.0	11035.671525512611
2023-06-26	30047.25771323042	inf	0.0	50.0	10560.952922955465
2023-06-27	30094.257570755388	inf	0.0	10.0	9822.860732467243
2023-06-28	30134.972385279532	inf	0.0	10.0	9081.887516805034
2023-06-29	30271.785757780905	inf	0.0	10.0	10097.032501476435
2023-06-30	30252.30166208748	inf	0.0	50.0	12031.243968641425
2023-07-01	30266.202218782062	inf	0.0	10.0	10261.335886315712
2023-07-02	30282.025937447437	inf	0.0	50.0	11492.437178550377
2023-07-03	30382.22058655709	inf	0.0	50.0	10248.403032888215
2023-07-04	30376.175979766147	inf	0.0	50.0	10574.744840757394
2023-07-05	30393.943160062154	inf	0.0	10.0	10513.48069050925
2023-07-06	30432.66836376607	inf	0.0	10.0	7014.395425199443
2023-07-07	30444.577494989902	inf	0.0	10.0	10765.692593814638
2023-07-08	30416.15102737326	inf	0.0	10.0	10207.972392448739
2023-07-09	30428.53028304991	inf	0.0	50.0	12897.575306997494
2023-07-10	30497.02294735367	inf	0.0	10.0	9751.617947802406
2023-07-11	30431.565479474895	inf	0.0	10.0	7867.865773967624
2023-07-12	30440.055426360723	inf	0.0	10.0	9986.15961909908
2023-07-13	30395.484519708345	inf	0.0	50.0	13067.496918361921
2023-07-14	30471.64788556365	inf	0.0	50.0	12925.87101934431
2023-07-15	30374.642494188018	inf	0.0	50.0	11474.001298864498
2023-07-16	30339.135128597864	inf	0.0	10.0	9820.557180861737
2023-07-17	30363.12207415901	inf	0.0	50.0	11125.289171905679
2023-07-18	30462.8241917084	inf	0.0	10.0	9337.465194076054
2023-07-19	30458.647625998114	inf	0.0	50.0	12482.809309874357
2023-07-20	30423.27916010397	inf	0.0	10.0	8534.706928824757
2023-07-21	30543.356402632064	inf	0.0	50.0	11395.56095307371
2023-07-22	30450.915003741768	inf	0.0	10.0	9001.287009131163
2023-07-23	30311.06903462597	inf	0.0	10.0	8928.253409094048
2023-07-24	30339.02279045676	inf	0.0	50.0	11830.860150870909
2023-07-25	30307.165325884886	inf	0.0	10.0	10871.512875046948
2023-07-26	30242.44983698456	inf	0.0	50.0	11742.187195163298
2023-07-27	30287.351767318207	inf	0.0	50.0	10291.19858159522
2023-07-28	30302.832330258083	inf	0.0	10.0	10442.169145305466
2023-07-29	30267.0821219126	inf	0.0	10.0	11421.654670619502
2023-07-30	30186.07434054115	inf	0.0	10.0	9389.044037750873
2023-07-31	30241.28100155473	inf	0.0	50.0	11387.221424356068
2023-08-01	30282.49379260877	inf	0.0	10.0	10288.220453537444
2023-08-02	30276.223054580514	inf	0.0	50.0	13163.288685875692
2023-08-03	30393.523126340257	inf	0.0	50.0	11755.031804682652
2023-08-04	30325.521349141334	inf	0.0	10.0	8615.025669059043
2023-08-05	30228.83315714677	inf	0.0	10.0	10769.08739277985
2023-08-06	30185.0905539839	inf	0.0	50.0	12588.477875601244
2023-08-07	30182.2262666426	inf	0.0	50.0	11525.109610107655
2023-08-08	30197.623934227748	inf	0.0	50.0	11043.898097798548
2023-08-09	30182.39226186013	inf	0.0	10.0	10595.25867042566
2023-08-10	30204.6643603545	inf	0.0	10.0	10175.619392247272
2023-08-11	30125.63790088149	inf	0.0	10.0	9254.837700306878
2023-08-12	30216.856121576297	inf	0.0	50.0	12154.680053647586
2023-08-13	30211.67583665053	inf	0.0	10.0	8182.57985316806
2023-08-14	30282.448649256075	inf	0.0	10.0	10654.403444517107
2023-08-15	30304.20260431816	inf	0.0	10.0	9381.440116414811
2023-08-16	30333.213063507916	inf	0.0	45.556398650771385	11033.570723932842
2023-08-17	30369.43637108062	inf	0.0	10.0	9705.96145680245
2023-08-18	30397.933635143607	inf	0.0	50.0	11727.978380568984
2023-08-19	30438.883310756024	inf	0.0	24.739535067316602	11401.330888974862
2023-08-20	30523.72457810512	inf	0.0	10.0	10648.54374984797
2023-08-21	30536.303049596543	inf	0.0	50.0	11426.008392479498
2023-08-22	30581.682719604432	inf	0.0	10.544087470315626	10588.09036217346
2023-08-23	30575.954350061827	inf	0.0	10.0	9938.20000284853
2023-08-24	30668.301895865257	inf	0.0	50.0	11677.453762971103
2023-08-25	30624.918203278696	inf	0.0	50.0	11658.203881163488
2023-08-26	30740.627994050246	inf	0.0	10.0	10107.43490592064
2023-08-27	30738.060318713557	inf	0.0	50.0	12021.966762056252
2023-08-28	30646.135720929433	inf	0.0	50.0	11731.093185891576
2023-08-29	30654.373271221026	inf	0.0	10.0	9163.349958722185
2023-08-30	30610.710664932907	inf	0.0	50.0	13753.627633820006
2023-08-31	30664.65134362324	inf	0.0	10.0	10792.165579047185
2023-09-01	30622.796678902552	inf	0.0	10.0	9012.38247992353
2023-09-02	30594.21983125147	inf	0.0	10.0	10257.578732818412
2023-09-03	30473.441121865657	inf	0.0	50.0	12407.902537017364
2023-09-04	30444.613365123856	inf	0.0	50.0	12080.750397143283
2023-09-05	30290.51901547491	inf	0.0	50.0	12649.634355196722
2023-09-06	30190.252192674652	inf	0.0	50.0	13351.677011743759
2023-09-07	30238.372246476374	inf	0.0	10.0	10164.399091477535
2023-09-08	30288.178757828708	inf	0.0	10.0	9767.337177929805
2023-09-09	30315.18745248201	inf	0.0	10.0	10720.535368654058
2023-09-10	30253.891388808453	inf	0.0	10.0	10137.676825038638
2023-09-11	30250.885961762913	inf	0.0	50.0	11641.34661552259
2023-09-12	30250.674367376196	inf	0.0	10.0	9815.42153266611
2023-09-13	30177.413950767852	inf	0.0	10.0	9890.746569627298
2023-09-14	30272.56838554785	inf	0.0	50.0	12139.860452411405
2023-09-15	30328.24468791851	inf	0.0	10.0	9281.13876889431
2023-09-16	30314.23373493648	inf	0.0	50.0	10841.228190174526
2023-09-17	30315.956805858048	inf	0.0	10.0	8512.797678675568
2023-09-18	30329.202864784653	inf	0.0	50.0	10195.403425167398
2023-09-19	30199.845719271267	inf	0.0	10.0	9473.303049933824
2023-09-20	30184.237452335583	inf	0.0	50.0	11429.099499791386
2023-09-21	30141.185632209876	inf	0.0	10.0	9888.37786237612
2023-09-22	30078.059640552496	inf	0.0	10.0	9647.572106636348
2023-09-23	30060.379224894117	inf	0.0	50.0	9261.860048675797
2023-09-24	30173.750459187344	inf	0.0	50.0	13828.876471303824
2023-09-25	30214.27921138561	inf	0.0	50.0	12855.115950929612
2023-09-26	30178.184842910472	inf	0.0	10.0	10184.682436281048
2023-09-27	30214.401126332137	inf	0.0	50.0	13647.506986391792
2023-09-28	30303.070426819842	inf	0.0	10.0	9109.569908558786
2023-09-29	30361.8076449393	inf	0.0	50.0	13775.290246912831
2023-09-30	30365.615126623878	inf	0.0	50.0	10559.866654470086
2023-10-01	30324.529701334206	inf	0.0	10.0	10009.342852070191
2023-10-02	30368.90919381103	inf	0.0	50.0	10518.859662511873
2023-10-03	30393.955238027003	inf	0.0	10.0	9679.639395727087
2023-10-04	30450.991582711322	inf	0.0	50.0	12261.48023546786
2023-10-05	30491.530676887553	inf	0.0	10.0	9611.567626778691
2023-10-06	30558.624524473285	inf	0.0	10.0	10653.959303519974
2023-10-07	30524.415835298452	inf	0.0	50.0	11822.90338236404
2023-10-08	30608.741949481133	inf	0.0	10.0	9530.101097888793
2023-10-09	30621.424596127843	inf	0.0	50.0	11016.05612301063
2023-10-10	30754.779924098464	inf	0.0	10.0	11181.907397043506
2023-10-11	30710.451157360378	inf	0.0	50.0	11134.530341821039
2023-10-12	30822.290726937495	inf	0.0	10.0	11143.751564284825
2023-10-13	30835.081946393326	inf	0.0	10.0	10805.711590407984
2023-10-14	30793.072409013395	inf	0.0	50.0	10103.76498141348
2023-10-15	30761.908302483047	inf	0.0	10.0	10835.336241806013
2023-10-16	30741.299751920116	inf	0.0	50.0	13694.410163463359
2023-10-17	30768.6292992551	inf	0.0	50.0	11929.807221403871
2023-10-18	30802.34575741456	inf	0.0	10.0	10318.245447446196
2023-10-19	30765.386489628945	inf	0.0	10.0	10776.9822928552
2023-10-20	30763.834625467294	inf	0.0	16.146427523116266	9541.927438460194
2023-10-21	30902.145333331206	inf	0.0	41.225188000723655	12142.716917612768
2023-10-22	31014.136212243106	inf	0.0	50.0	10910.610205778052
2023-10-23	31042.498479393023	inf	0.0	50.0	11821.53399405909
2023-10-24	31044.985569386623	inf	0.0	10.0	10014.135770246645
2023-10-25	31052.805451539254	inf	0.0	50.0	12066.540769987447
2023-10-26	31092.73606570947	inf	0.0	50.0	12822.603510438788
2023-10-27	31026.241811454125	inf	0.0	50.0	11152.91350513415
2023-10-28	31009.54425341459	inf	0.0	50.0	11075.02831006133
2023-10-29	30901.4181262259	inf	0.0	10.0	12092.880556671704
2023-10-30	30927.27487413038	inf	0.0	10.0	9517.021537485412
2023-10-31	30969.22767635058	inf	0.0	10.0	9971.333488892511
2023-11-01	30937.930593510944	inf	0.0	10.0	9635.107254622697
2023-11-02	31040.070161011667	inf	0.0	50.0	11338.606177649572
2023-11-03	30960.528633881193	inf	0.0	50.0	13636.03789220518
2023-11-04	30865.767314582714	inf	0.0	50.0	11584.441361344438
2023-11-05	30880.292511468975	inf	0.0	50.0	10466.832965156287
2023-11-06	30948.082758000724	inf	0.0	10.0	9488.311564622463
2023-11-07	31057.403901166876	inf	0.0	10.0	8204.774874786206
2023-11-08	31027.596396323355	inf	0.0	49.95370337560172	11038.348743480556
2023-11-09	31097.7662602656	inf	0.0	10.0	8984.177555972452
2023-11-10	31095.276141917464	inf	0.0	10.0	10133.443403996836
2023-11-11	31084.05646941492	inf	0.0	10.0	8898.748956234474
2023-11-12	31141.635844572655	inf	0.0	10.0	10758.279231905684
2023-11-13	31184.21416446762	inf	0.0	10.0	11171.93346828297
2023-11-14	31081.477811111876	inf	0.0	50.0	12940.075078406513
2023-11-15	31177.729663303264	inf	0.0	50.0	11903.963550047514
2023-11-16	31267.96485506275	inf	0.0	50.0	12219.9583877391
2023-11-17	31227.05593317931	inf	0.0	10.0	8236.681734185837
2023-11-18	31252.961399523887	inf	0.0	50.0	11532.137429882496
2023-11-19	31285.321731716464	inf	0.0	29.666835127270332	9829.989789821428
2023-11-20	31302.41818221921	inf	0.0	50.0	12303.620130143518
2023-11-21	31266.39032845592	inf	0.0	10.0	12302.944533209607
2023-11-22	31222.47231923756	inf	0.0	50.0	12280.749550945748
2023-11-23	31220.818992506254	inf	0.0	50.0	9519.450471252481
2023-11-24	31297.587982846446	inf	0.0	10.0	9630.550566319509
2023-11-25	31333.246257183808	inf	0.0	17.82306017531993	10241.509892098013
2023-11-26	31308.959697102087	inf	0.0	10.0	9742.378452334036
2023-11-27	31359.60372547186	inf	0.0	50.0	11092.698283647438
2023-11-28	31173.149321996094	inf	0.0	10.0	10934.429240087642
2023-11-29	31248.2332747162	inf	0.0	14.611381535361613	8969.790198349216
2023-11-30	31134.63783215382	inf	0.0	50.0	11282.143213747397
2023-12-01	31111.037600446558	inf	0.0	26.756262570660866	11135.211902190975
2023-12-02	31038.208037554614	inf	0.0	50.0	10952.527922544763
2023-12-03	30954.204616774776	inf	0.0	50.0	12579.502009101887
2023-12-04	31029.54477293491	inf	0.0	18.990625288011586	9066.852125905429
2023-12-05	30999.191756106222	inf	0.0	50.0	13460.465343221795
2023-12-06	31021.70601173443	inf	0.0	50.0	10870.987126910937
2023-12-07	31018.67566577845	inf	0.0	50.0	11295.870367621059
2023-12-08	31049.688936817074	inf	0.0	10.0	10030.578413521718
2023-12-09	31054.700438317086	inf	0.0	10.0	8966.930573788299
2023-12-10	30971.410358477562	inf	0.0	10.0	10179.814805232982
2023-12-11	31036.09741946599	inf	0.0	50.0	12493.077843705269
2023-12-12	31004.046612710146	inf	0.0	10.0	10667.152130243518
2023-12-13	30903.185555227916	inf	0.0	10.0	10942.129005084857
2023-12-14	30875.515033931635	inf	0.0	50.0	11507.268299756053
2023-12-15	30972.69959713746	inf	0.0	50.0	11982.893356785928
2023-12-16	31027.900376542646	inf	0.0	10.0	12205.556527515479
2023-12-17	31005.276148369656	inf	0.0	10.0	10595.720580523286
2023-12-18	30982.629134570485	inf	0.0	10.0	8724.261246718857
2023-12-19	30961.789237390276	inf	0.0	10.0	9734.514495212072
2023-12-20	31096.723663817942	inf	0.0	10.0	10036.47591006357
2023-12-21	31121.61736245324	inf	0.0	10.0	9524.770727000869
2023-12-22	31149.66821738669	inf	0.0	10.0	8450.770890850776
2023-12-23	31216.9507958251	inf	0.0	10.0	9520.072239651594
2023-12-24	31232.578783355533	inf	0.0	50.0	13411.680783049276
2023-12-25	31215.661321995867	inf	0.0	10.0	10187.40844646626
2023-12-26	312
```